  0.0000    1.000000    0.000000    2.000000    0.000000    3.000000    0.000000
  0.1250    1.007822    0.125336    2.015644    0.250672    3.023466    0.376008
  0.2500    1.031411    0.252633    2.062821    0.505265    3.094232    0.757898
  0.3750    1.071134    0.383882    2.142269    0.767763    3.213403    1.151645
  0.5000    1.127615    0.521136    2.255231    1.042272    3.382846    1.563408
  0.6250    1.201737    0.666543    2.403473    1.333086    3.605210    1.999629
  0.7500    1.294658    0.822378    2.589316    1.644755    3.883975    2.467133
  0.8750    1.407833    0.991077    2.815667    1.982155    4.223500    2.973232
  1.0000    1.543033    1.175282    3.086066    2.350564    4.629098    3.525846
  1.1250    1.702372    1.377872    3.404743    2.755745    5.107115    4.133617
  1.2500    1.888342    1.602019    3.776685    3.204037    5.665027    4.806056
  1.3750    2.103855    1.851227    4.207709    3.702454    6.311564    5.553680
  1.5000    2.352280    2.129396    4.704559    4.258792    7.056839    6.388187
  1.6250    2.637504    2.440877    5.275008    4.881754    7.912512    7.322632
  1.7500    2.963990    2.790544    5.927979    5.581088    8.891969    8.371632
  1.8750    3.336844    3.183866    6.673688    6.367732   10.010533    9.551598
  2.0000    3.761901    3.626997    7.523801    7.253994   11.285702   10.880991
  2.1250    4.245808    4.126869    8.491617    8.253738   12.737425   12.380607
  2.2500    4.796138    4.691302    9.592276    9.382604   14.388414   14.073905
  2.3750    5.421499    5.329126   10.842998   10.658252   16.264497   15.987378
  2.5000    6.131674    6.050319   12.263348   12.100638   18.395022   18.150958
  2.6250    6.937774    6.866164   13.875547   13.732328   20.813321   20.598493
  2.7500    7.852408    7.789424   15.704817   15.578848   23.557225   23.368272
  2.8750    8.889887    8.834542   17.779774   17.669085   26.669660   26.503627
  3.0000   10.066439   10.017869   20.132879   20.035738   30.199318   30.053607
  3.1250   11.400472   11.357916   22.800944   22.715831   34.201416   34.073747
  3.2500   12.912855   12.875647   25.825709   25.751293   38.738564   38.626940
  3.3750   14.627247   14.594805   29.254494   29.189611   43.881741   43.784416
  3.5000   16.570469   16.542286   33.140938   33.084573   49.711408   49.626859
  3.6250   18.772921   18.748556   37.545842   37.497113   56.318763   56.245669
  3.7500   21.269058   21.248130   42.538116   42.496260   63.807175   63.744390
  3.8750   24.097930   24.080111   48.195860   48.160223   72.293790   72.240334
  4.0000   27.303792   27.288804   54.607584   54.577608   81.911376   81.866412
  4.1250   30.936797   30.924405   61.873593   61.848809   92.810390   92.773214
  4.2500   35.053779   35.043789   70.107558   70.087579  105.161337  105.131368
  4.3750   39.719145   39.711402   79.438291   79.422804  119.157436  119.134205
  4.5000   45.005882   45.000263   90.011763   90.000525  135.017645  135.000788
  4.6250   50.996693   50.993111  101.993386  101.986223  152.990080  152.979334
  4.7500   57.785301   57.783700  115.570603  115.567401  173.355904  173.351101
  4.8750   65.477907   65.478262  130.955815  130.956524  196.433722  196.434787
  5.0000   74.194855   74.197171  148.389710  148.394343  222.584565  222.591514
  5.1250   84.072513   84.076827  168.145026  168.153654  252.217539  252.230481
  5.2500   95.265408   95.271787  190.530817  190.543575  285.796225  285.815362
  5.3750  107.948643  107.957187  215.897287  215.914375  323.845930  323.871562
  5.5000  122.320636  122.331478  244.641271  244.662956  366.961907  366.994435
  5.6250  138.606222  138.619533  277.212444  277.239065  415.818665  415.858598
  5.7500  157.060175  157.076162  314.120350  314.152324  471.180525  471.228487
  5.8750  177.971190  177.990104  355.942380  355.980208  533.913571  533.970312
  6.0000  201.666401  201.688537  403.332802  403.377075  604.999203  605.065612
  6.1250  228.516498  228.542203  457.032995  457.084405  685.549493  685.626608
  6.2500  258.941525  258.971201  517.883049  517.942401  776.824574  776.913602
  6.3750  293.417454  293.451565  586.834908  586.903130  880.252362  880.354695
  6.5000  332.483630  332.522709  664.967259  665.045419  997.450889  997.568128
  6.6250  376.751206  376.795866  753.502412  753.591732 1130.253618 1130.387598
  6.7500  426.912709  426.963648  853.825417  853.927295 1280.738126 1280.890943
  6.8750  483.752868  483.810883  967.505737  967.621766 1451.258605 1451.432649
  7.0000  548.160897  548.226895 1096.321795 1096.453790 1644.482692 1644.680685
  7.1250  621.144399  621.219413 1242.288799 1242.438826 1863.433198 1863.658239
  7.2500  703.845135  703.930338 1407.690270 1407.860676 2111.535405 2111.791014
  7.3750  797.556881  797.653606 1595.113761 1595.307212 2392.670642 2392.960817
  7.5000  903.745671  903.855431 1807.491342 1807.710863 2711.237013 2711.566294
  7.6250 1024.072731 1024.197244 2048.145463 2048.394489 3072.218194 3072.591733
  7.7500 1160.420469 1160.561682 2320.840937 2321.123364 3481.261406 3481.685046
  7.8750 1314.921918 1315.082041 2629.843835 2630.164081 3944.765753 3945.246122
  8.0000 1489.994112 1490.175649 2979.988223 2980.351298 4469.982335 4470.526947
