  0.0000    1.000000    0.000000    2.000000    0.000000    3.000000    0.000000
  0.1250    0.993430   -0.105031    1.992893   -0.113789    2.998896   -0.017687
  0.2500    0.973777   -0.209162    1.971525   -0.228300    2.995568   -0.035648
  0.3750    0.941212   -0.311447    1.935763   -0.344190    2.989963   -0.054160
  0.5000    0.896028   -0.410857    1.885402   -0.461982    2.981995   -0.073510
  0.6250    0.838654   -0.506244    1.820181   -0.581980    2.971541   -0.093995
  0.7500    0.769673   -0.596332    1.739821   -0.704186    2.958439   -0.115930
  0.8750    0.689833   -0.679718    1.644064   -0.828198    2.942489   -0.139647
  1.0000    0.600064   -0.754908    1.532735   -0.953103    2.923444   -0.165505
  1.1250    0.501486   -0.820365    1.405811   -1.077381    2.901014   -0.193890
  1.2500    0.395412   -0.874592    1.263499   -1.198831    2.874857   -0.225220
  1.3750    0.283331   -0.916227    1.106326   -1.314559    2.844576   -0.259948
  1.5000    0.166891   -0.944144    0.935220   -1.421044    2.809718   -0.298562
  1.6250    0.047862   -0.957548    0.751580   -1.514336    2.769763   -0.341589
  1.7500   -0.071913   -0.956044    0.557311   -1.590365    2.724126   -0.389591
  1.8750   -0.190568   -0.939677    0.354811   -1.645371    2.672148   -0.443158
  2.0000   -0.306270   -0.908926    0.146907   -1.676375    2.613096   -0.502899
  2.1250   -0.417271   -0.864660   -0.063273   -1.681596    2.546158   -0.569423
  2.2500   -0.521952   -0.808060   -0.272470   -1.660728    2.470452   -0.643305
  2.3750   -0.618858   -0.740523   -0.477481   -1.614985    2.385025   -0.725046
  2.5000   -0.706715   -0.663563   -0.675343   -1.546913    2.288869   -0.815004
  2.6250   -0.784441   -0.578711   -0.863474   -1.460017    2.180947   -0.913309
  2.7500   -0.851143   -0.487449   -1.039768   -1.358299    2.060224   -1.019748
  2.8750   -0.906107   -0.391155   -1.202628   -1.245801    1.925719   -1.133619
  3.0000   -0.948784   -0.291079   -1.350944   -1.126246    1.776580   -1.253573
  3.1250   -0.978773   -0.188343   -1.484038   -1.002792    1.612171   -1.377444
  3.2500   -0.995805   -0.083957   -1.601587   -0.877918    1.432186   -1.502114
  3.3750   -0.999734    0.021145   -1.703533   -0.753409    1.236771   -1.623457
  3.5000   -0.990526    0.126068   -1.789999   -0.630408    1.026648   -1.736424
  3.6250   -0.968260    0.229906   -1.861218   -0.509511    0.803214   -1.835331
  3.7500   -0.933129    0.331700   -1.917465   -0.390862    0.568592   -1.914373
  3.8750   -0.885455    0.430397   -1.959014   -0.274267    0.325603   -1.968327
  4.0000   -0.825697    0.524825   -1.986095   -0.159279    0.077645   -1.993317
  4.1250   -0.754466    0.613682   -1.998873   -0.045287   -0.171517   -1.987462
  4.2500   -0.672549    0.695543   -1.997428    0.068414   -0.418029   -1.951208
  4.3750   -0.580913    0.768899   -1.981752    0.182553   -0.658234   -1.887247
  4.5000   -0.480717    0.832216   -1.951746    0.297823   -0.888932   -1.800051
  4.6250   -0.373309    0.884014   -1.907229    0.414806   -1.107555   -1.695152
  4.7500   -0.260215    0.922973   -1.847961    0.533906   -1.312256   -1.578383
  4.8750   -0.143110    0.948024   -1.773664    0.655256   -1.501903   -1.455238
  5.0000   -0.023781    0.958448   -1.684067    0.778627   -1.676003   -1.330439
  5.1250    0.095918    0.953938   -1.578955    0.903323   -1.834596   -1.207733
  5.2500    0.214124    0.934627   -1.458233    1.028075   -1.978127   -1.089867
  5.3750    0.329018    0.901078   -1.322008    1.150960   -2.107325   -0.978679
  5.5000    0.438874    0.854229   -1.170667    1.269357   -2.223101   -0.875255
  5.6250    0.542104    0.795312   -1.004971    1.379979   -2.326462   -0.780095
  5.7500    0.637286    0.725758   -0.826125    1.479017   -2.418450   -0.693266
  5.8750    0.723187    0.647088   -0.635829    1.562400   -2.500095   -0.614541
  6.0000    0.798762    0.560832   -0.436291    1.626192   -2.572386   -0.543498
  6.1250    0.863156    0.468451   -0.230179    1.667046   -2.636249   -0.479603
  6.2500    0.915689    0.371301   -0.020518    1.682660   -2.692543   -0.422262
  6.3750    0.955843    0.270604    0.189462    1.672122   -2.742047   -0.370865
  6.5000    0.983244    0.167458    0.396513    1.636051   -2.785467   -0.324807
  6.6250    0.997650    0.062855    0.597556    1.576497   -2.823435   -0.283509
  6.7500    0.998937   -0.042283    0.789843    1.496638   -2.856509   -0.246421
  6.8750    0.987094   -0.147062    0.971073    1.400332   -2.885184   -0.213030
  7.0000    0.962221   -0.250568    1.139444    1.291658   -2.909892   -0.182861
  7.1250    0.924539   -0.351827    1.293657    1.174501   -2.931008   -0.155477
  7.2500    0.874394   -0.449765    1.432871    1.052263   -2.948854   -0.130470
  7.3750    0.812274   -0.543182    1.556633    0.927702   -2.963704   -0.107466
  7.5000    0.738827   -0.630749    1.664788    0.802877   -2.975785   -0.086116
  7.6250    0.654872   -0.711024    1.757397    0.679176   -2.985285   -0.066095
  7.7500    0.561415   -0.782484    1.834658    0.557400   -2.992349   -0.047095
  7.8750    0.459655   -0.843600    1.896835    0.437863   -2.997087   -0.028824
  8.0000    0.350976   -0.892917    1.944208    0.320491   -2.999572   -0.010999
