  0.0000   0    3.000000    0.000000
  0.1250   0    2.976591   -0.373994
  0.2500   0    2.906730   -0.742151
  0.3750   0    2.791506   -1.098726
  0.5000   0    2.632718   -1.438155
  0.6250   0    2.432845   -1.755139
  0.7500   0    2.195004   -2.044734
  0.8750   0    1.922909   -2.302418
  1.0000   0    1.620804   -2.524171
  1.1250   0    1.293406   -2.706532
  1.2500   0    0.945822   -2.846654
  1.3750   0    0.583478   -2.942353
  1.5000   0    0.212029   -2.992133
  1.6250   0   -0.162729   -2.995218
  1.7500   0   -0.534948   -2.951559
  1.8750   0   -0.898819   -2.861839
  2.0000   0   -1.248663   -2.727458
  2.1250   0   -1.579020   -2.550511
  2.2500   0   -1.884735   -2.333762
  2.3750   0   -2.161037   -2.080592
  2.5000   0   -2.403613   -1.794953
  2.6250   0   -2.608680   -1.481301
  2.7500   0   -2.773035   -1.144533
  2.8750   0   -2.894115   -0.789903
  3.0000   0   -2.970029   -0.422946
  3.1250   0   -2.999593   -0.049388
  3.2500   0   -2.982346    0.324940
  3.3750   0   -2.918557    0.694198
  3.5000   0   -2.809220    1.052621
  3.6250   0   -2.656043    1.394618
  3.7500   0   -2.461416    1.714850
  3.8750   0   -2.228377    2.008321
  4.0000   0   -1.960561    2.270449
  4.1250   0   -1.662149    2.497146
  4.2500   0   -1.337798    2.684872
  4.3750   0   -0.992569    2.830698
  4.5000   0   -0.631850    2.932348
  4.6250   0   -0.261271    2.988236
  4.7500   0    0.113386    2.997491
  4.8750   0    0.486273    2.959966
  5.0000   0    0.851572    2.876248
  5.1250   0    1.203581    2.747644
  5.2500   0    1.536807    2.576161
  5.3750   0    1.846050    2.364474
  5.5000   0    2.126483    2.115887
  5.6250   0    2.373731    1.834279
  5.7500   0    2.583934    1.524047
  5.8750   0    2.753813    1.190029
  6.0000   0    2.880715    0.837441
  6.1250   0    2.962662    0.471783
  6.2500   0    2.998373    0.098763
  6.3750   0    2.987293   -0.275799
  6.5000   0    2.929592   -0.646056
  6.6250   0    2.826173   -1.006231
  6.7500   0    2.678648   -1.350703
  6.8750   0    2.489321   -1.674096
  7.0000   0    2.261145   -1.971363
  7.1250   0    1.997682   -2.237865
  7.2500   0    1.703044   -2.469444
  7.3750   0    1.381828   -2.662484
  7.5000   0    1.039047   -2.813974
  7.6250   0    0.680051   -2.921549
  7.7500   0    0.310442   -2.983530
  7.8750   0   -0.064012   -2.998951
  8.0000   0   -0.437466   -2.967570
